0 0.484375 0.568359 0.895833 0.839844 0.440927 0.284978 0.443456 0.258202 0.445895 0.267925 0.499116 0.227154 0.511399 0.247225 0.674387 0.281728 0.542077 0.299375 0.630188 0.45366 0.594749 0.429348 0.389616 0.434852 0.474271 0.390529 0.752972 0.599648 0.694139 0.591286 0.293258 0.648754 0.389409 0.637448 0.23225 0.908763 0.721809 0.88761
0 0.0729167 0.267578 0.145833 0.207031 0 0.211935 0 0.203439 0 0.202617 0 0.207858 0.00885304 0.207108 0.0375804 0.266542 0.0279332 0.264579 0.110576 0.34347 0.100354 0.34328 0.0562428 0.348895 0.0624866 0.345845 0.0568206 0.394462 0.0531275 0.39294 0.0726714 0.339947 0.0582686 0.340255 0.103101 0.367008 0.0960057 0.364088
0 0.583333 0.472656 0.802083 0.945312 0.554113 0.153033 0.563062 0.13115 0.560214 0.139913 0.647376 0.104201 0.647756 0.120014 0.771891 0.198698 0.751589 0.193149 0.703409 0.412752 0.701118 0.373514 0.439485 0.371696 0.446527 0.3847 0.793628 0.576222 0.777956 0.552061 0.410163 0.661894 0.397909 0.643625 0.432791 0.880416 0.462193 0.864778
0 0.307292 0.607422 0.25 0.636719 0.305866 0.346643 0.310649 0.334606 0.316655 0.336251 0.334536 0.334638 0.362281 0.333588 0.344286 0.380476 0.396773 0.3811 0.314364 0.429048 0.377955 0.439373 0.336465 0.459219 0.320844 0.470555 0.368219 0.560053 0.402388 0.557986 0.303287 0.634049 0.329509 0.632532 0.299278 0.811594 0.324689 0.800618
0 0.0729167 0.529297 0.145833 0.855469 0.00641938 0.238601 0.000803904 0.227204 0.00369807 0.227362 0.00557668 0.228535 0.0148504 0.229116 0.0428771 0.294875 0.0361646 0.291428 0.103477 0.398633 0.0921208 0.387143 0.0569124 0.486863 0.050077 0.463466 0.0515789 0.53381 0.0477305 0.533589 0.0951809 0.644345 0.085508 0.64567 0.0859982 0.83399 0.0785153 0.835589
0 0.359375 0.0253906 0.260417 0.0507812 0.365012 0 0.37214 0 0.357984 0 0.383881 0 0.337572 0 0.418868 0.00755985 0.288701 0.00943163 0.454414 0.0361484 0.254801 0.0405673 0.441129 0.0367122 0.2853 0.0403968 0.399041 0.0704421 0.307849 0.0720905 0.425194 0.0355887 0.306306 0.0376714 0.421174 0.0370897 0.307012 0.0383434
0 0.0729167 0.210938 0.145833 0.328125 0.000875801 0.202133 0 0.192816 0 0.191044 0 0.202149 0.0061897 0.200114 0.0315071 0.267975 0.0324863 0.264264 0.116248 0.351699 0.0979457 0.339337 0.053712 0.346259 0.0610844 0.336366 0.031051 0.388931 0.0337404 0.387079 0.0524728 0.294047 0.0479519 0.296377 0.0784141 0.34322 0.0777892 0.349662
0 0.260417 0.601562 0.333333 0.65625 0.307561 0.346766 0.310828 0.33345 0.317122 0.335825 0.335113 0.33112 0.361083 0.332643 0.347465 0.380665 0.388431 0.382923 0.305407 0.439743 0.361908 0.451617 0.299916 0.489107 0.292685 0.496369 0.352216 0.578147 0.377291 0.576644 0.289012 0.624499 0.306442 0.626052 0.260038 0.819334 0.28512 0.812456
0 0.372396 0.611328 0.369792 0.652344 0.305447 0.348365 0.31049 0.336302 0.314069 0.338251 0.340888 0.335816 0.361805 0.335193 0.367638 0.381334 0.416763 0.381494 0.373994 0.425852 0.431995 0.430071 0.376893 0.430279 0.354789 0.442122 0.406251 0.553675 0.438554 0.551237 0.315782 0.617202 0.34599 0.620044 0.321245 0.798329 0.354499 0.797769
0 0.109375 0.503906 0.21875 0.875 0 0.239974 0 0.224487 0 0.227059 0.00576605 0.224941 0.0128741 0.225532 0.0489039 0.295262 0.0551296 0.294396 0.103109 0.416501 0.120304 0.41023 0.0729086 0.528841 0.0537496 0.505633 0.0696142 0.542326 0.0778024 0.543878 0.125895 0.625445 0.129547 0.635914 0.118133 0.835738 0.11468 0.841255
0 0.0729167 0.367188 0.145833 0.570312 0.00156554 0.209711 0 0.199675 0 0.198365 0 0.207427 0.00386963 0.205306 0.0337963 0.276906 0.029722 0.274751 0.116288 0.362718 0.0994404 0.359006 0.0573742 0.353234 0.0642255 0.36752 0.0442197 0.499605 0.0385862 0.49937 0.0569219 0.585228 0.0556515 0.588196 0.0689728 0.658032 0.0539728 0.661825
0 0.359375 0.611328 0.520833 0.683594 0.304326 0.349567 0.308878 0.335839 0.309965 0.338 0.345287 0.334735 0.360722 0.334478 0.399333 0.38175 0.432813 0.380193 0.415007 0.435451 0.474487 0.428415 0.384685 0.441081 0.382577 0.435367 0.466576 0.573202 0.495507 0.569521 0.306408 0.615595 0.382583 0.621104 0.278704 0.835521 0.428014 0.835906
0 0.484375 0.568359 0.895833 0.839844 0.440927 0.284978 0.443456 0.258202 0.445895 0.267925 0.499116 0.227154 0.511399 0.247225 0.674387 0.281728 0.542077 0.299375 0.630188 0.45366 0.594749 0.429348 0.389616 0.434852 0.474271 0.390529 0.752972 0.599648 0.694139 0.591286 0.293258 0.648754 0.389409 0.637448 0.23225 0.908763 0.721809 0.88761
0 0.0729167 0.267578 0.145833 0.207031 0 0.211935 0 0.203439 0 0.202617 0 0.207858 0.00885304 0.207108 0.0375804 0.266542 0.0279332 0.264579 0.110576 0.34347 0.100354 0.34328 0.0562428 0.348895 0.0624866 0.345845 0.0568206 0.394462 0.0531275 0.39294 0.0726714 0.339947 0.0582686 0.340255 0.103101 0.367008 0.0960057 0.364088
0 0.583333 0.472656 0.802083 0.945312 0.554113 0.153033 0.563062 0.13115 0.560214 0.139913 0.647376 0.104201 0.647756 0.120014 0.771891 0.198698 0.751589 0.193149 0.703409 0.412752 0.701118 0.373514 0.439485 0.371696 0.446527 0.3847 0.793628 0.576222 0.777956 0.552061 0.410163 0.661894 0.397909 0.643625 0.432791 0.880416 0.462193 0.864778
0 0.307292 0.607422 0.25 0.636719 0.305866 0.346643 0.310649 0.334606 0.316655 0.336251 0.334536 0.334638 0.362281 0.333588 0.344286 0.380476 0.396773 0.3811 0.314364 0.429048 0.377955 0.439373 0.336465 0.459219 0.320844 0.470555 0.368219 0.560053 0.402388 0.557986 0.303287 0.634049 0.329509 0.632532 0.299278 0.811594 0.324689 0.800618
0 0.0729167 0.529297 0.145833 0.855469 0.00641938 0.238601 0.000803904 0.227204 0.00369807 0.227362 0.00557668 0.228535 0.0148504 0.229116 0.0428771 0.294875 0.0361646 0.291428 0.103477 0.398633 0.0921208 0.387143 0.0569124 0.486863 0.050077 0.463466 0.0515789 0.53381 0.0477305 0.533589 0.0951809 0.644345 0.085508 0.64567 0.0859982 0.83399 0.0785153 0.835589
0 0.359375 0.0253906 0.260417 0.0507812 0.365012 0 0.37214 0 0.357984 0 0.383881 0 0.337572 0 0.418868 0.00755985 0.288701 0.00943163 0.454414 0.0361484 0.254801 0.0405673 0.441129 0.0367122 0.2853 0.0403968 0.399041 0.0704421 0.307849 0.0720905 0.425194 0.0355887 0.306306 0.0376714 0.421174 0.0370897 0.307012 0.0383434
0 0.0729167 0.210938 0.145833 0.328125 0.000875801 0.202133 0 0.192816 0 0.191044 0 0.202149 0.0061897 0.200114 0.0315071 0.267975 0.0324863 0.264264 0.116248 0.351699 0.0979457 0.339337 0.053712 0.346259 0.0610844 0.336366 0.031051 0.388931 0.0337404 0.387079 0.0524728 0.294047 0.0479519 0.296377 0.0784141 0.34322 0.0777892 0.349662
0 0.260417 0.601562 0.333333 0.65625 0.307561 0.346766 0.310828 0.33345 0.317122 0.335825 0.335113 0.33112 0.361083 0.332643 0.347465 0.380665 0.388431 0.382923 0.305407 0.439743 0.361908 0.451617 0.299916 0.489107 0.292685 0.496369 0.352216 0.578147 0.377291 0.576644 0.289012 0.624499 0.306442 0.626052 0.260038 0.819334 0.28512 0.812456
0 0.372396 0.611328 0.369792 0.652344 0.305447 0.348365 0.31049 0.336302 0.314069 0.338251 0.340888 0.335816 0.361805 0.335193 0.367638 0.381334 0.416763 0.381494 0.373994 0.425852 0.431995 0.430071 0.376893 0.430279 0.354789 0.442122 0.406251 0.553675 0.438554 0.551237 0.315782 0.617202 0.34599 0.620044 0.321245 0.798329 0.354499 0.797769
0 0.109375 0.503906 0.21875 0.875 0 0.239974 0 0.224487 0 0.227059 0.00576605 0.224941 0.0128741 0.225532 0.0489039 0.295262 0.0551296 0.294396 0.103109 0.416501 0.120304 0.41023 0.0729086 0.528841 0.0537496 0.505633 0.0696142 0.542326 0.0778024 0.543878 0.125895 0.625445 0.129547 0.635914 0.118133 0.835738 0.11468 0.841255
0 0.0729167 0.367188 0.145833 0.570312 0.00156554 0.209711 0 0.199675 0 0.198365 0 0.207427 0.00386963 0.205306 0.0337963 0.276906 0.029722 0.274751 0.116288 0.362718 0.0994404 0.359006 0.0573742 0.353234 0.0642255 0.36752 0.0442197 0.499605 0.0385862 0.49937 0.0569219 0.585228 0.0556515 0.588196 0.0689728 0.658032 0.0539728 0.661825
0 0.359375 0.611328 0.520833 0.683594 0.304326 0.349567 0.308878 0.335839 0.309965 0.338 0.345287 0.334735 0.360722 0.334478 0.399333 0.38175 0.432813 0.380193 0.415007 0.435451 0.474487 0.428415 0.384685 0.441081 0.382577 0.435367 0.466576 0.573202 0.495507 0.569521 0.306408 0.615595 0.382583 0.621104 0.278704 0.835521 0.428014 0.835906
0 0.484375 0.568359 0.895833 0.839844 0.440927 0.284978 0.443456 0.258202 0.445895 0.267925 0.499116 0.227154 0.511399 0.247225 0.674387 0.281728 0.542077 0.299375 0.630188 0.45366 0.594749 0.429348 0.389616 0.434852 0.474271 0.390529 0.752972 0.599648 0.694139 0.591286 0.293258 0.648754 0.389409 0.637448 0.23225 0.908763 0.721809 0.88761
0 0.0729167 0.267578 0.145833 0.207031 0 0.211935 0 0.203439 0 0.202617 0 0.207858 0.00885304 0.207108 0.0375804 0.266542 0.0279332 0.264579 0.110576 0.34347 0.100354 0.34328 0.0562428 0.348895 0.0624866 0.345845 0.0568206 0.394462 0.0531275 0.39294 0.0726714 0.339947 0.0582686 0.340255 0.103101 0.367008 0.0960057 0.364088
0 0.583333 0.472656 0.802083 0.945312 0.554113 0.153033 0.563062 0.13115 0.560214 0.139913 0.647376 0.104201 0.647756 0.120014 0.771891 0.198698 0.751589 0.193149 0.703409 0.412752 0.701118 0.373514 0.439485 0.371696 0.446527 0.3847 0.793628 0.576222 0.777956 0.552061 0.410163 0.661894 0.397909 0.643625 0.432791 0.880416 0.462193 0.864778
0 0.307292 0.607422 0.25 0.636719 0.305866 0.346643 0.310649 0.334606 0.316655 0.336251 0.334536 0.334638 0.362281 0.333588 0.344286 0.380476 0.396773 0.3811 0.314364 0.429048 0.377955 0.439373 0.336465 0.459219 0.320844 0.470555 0.368219 0.560053 0.402388 0.557986 0.303287 0.634049 0.329509 0.632532 0.299278 0.811594 0.324689 0.800618
0 0.0729167 0.529297 0.145833 0.855469 0.00641938 0.238601 0.000803904 0.227204 0.00369807 0.227362 0.00557668 0.228535 0.0148504 0.229116 0.0428771 0.294875 0.0361646 0.291428 0.103477 0.398633 0.0921208 0.387143 0.0569124 0.486863 0.050077 0.463466 0.0515789 0.53381 0.0477305 0.533589 0.0951809 0.644345 0.085508 0.64567 0.0859982 0.83399 0.0785153 0.835589
0 0.359375 0.0253906 0.260417 0.0507812 0.365012 0 0.37214 0 0.357984 0 0.383881 0 0.337572 0 0.418868 0.00755985 0.288701 0.00943163 0.454414 0.0361484 0.254801 0.0405673 0.441129 0.0367122 0.2853 0.0403968 0.399041 0.0704421 0.307849 0.0720905 0.425194 0.0355887 0.306306 0.0376714 0.421174 0.0370897 0.307012 0.0383434
0 0.0729167 0.210938 0.145833 0.328125 0.000875801 0.202133 0 0.192816 0 0.191044 0 0.202149 0.0061897 0.200114 0.0315071 0.267975 0.0324863 0.264264 0.116248 0.351699 0.0979457 0.339337 0.053712 0.346259 0.0610844 0.336366 0.031051 0.388931 0.0337404 0.387079 0.0524728 0.294047 0.0479519 0.296377 0.0784141 0.34322 0.0777892 0.349662
0 0.260417 0.601562 0.333333 0.65625 0.307561 0.346766 0.310828 0.33345 0.317122 0.335825 0.335113 0.33112 0.361083 0.332643 0.347465 0.380665 0.388431 0.382923 0.305407 0.439743 0.361908 0.451617 0.299916 0.489107 0.292685 0.496369 0.352216 0.578147 0.377291 0.576644 0.289012 0.624499 0.306442 0.626052 0.260038 0.819334 0.28512 0.812456
0 0.372396 0.611328 0.369792 0.652344 0.305447 0.348365 0.31049 0.336302 0.314069 0.338251 0.340888 0.335816 0.361805 0.335193 0.367638 0.381334 0.416763 0.381494 0.373994 0.425852 0.431995 0.430071 0.376893 0.430279 0.354789 0.442122 0.406251 0.553675 0.438554 0.551237 0.315782 0.617202 0.34599 0.620044 0.321245 0.798329 0.354499 0.797769
0 0.109375 0.503906 0.21875 0.875 0 0.239974 0 0.224487 0 0.227059 0.00576605 0.224941 0.0128741 0.225532 0.0489039 0.295262 0.0551296 0.294396 0.103109 0.416501 0.120304 0.41023 0.0729086 0.528841 0.0537496 0.505633 0.0696142 0.542326 0.0778024 0.543878 0.125895 0.625445 0.129547 0.635914 0.118133 0.835738 0.11468 0.841255
0 0.0729167 0.367188 0.145833 0.570312 0.00156554 0.209711 0 0.199675 0 0.198365 0 0.207427 0.00386963 0.205306 0.0337963 0.276906 0.029722 0.274751 0.116288 0.362718 0.0994404 0.359006 0.0573742 0.353234 0.0642255 0.36752 0.0442197 0.499605 0.0385862 0.49937 0.0569219 0.585228 0.0556515 0.588196 0.0689728 0.658032 0.0539728 0.661825
0 0.359375 0.611328 0.520833 0.683594 0.304326 0.349567 0.308878 0.335839 0.309965 0.338 0.345287 0.334735 0.360722 0.334478 0.399333 0.38175 0.432813 0.380193 0.415007 0.435451 0.474487 0.428415 0.384685 0.441081 0.382577 0.435367 0.466576 0.573202 0.495507 0.569521 0.306408 0.615595 0.382583 0.621104 0.278704 0.835521 0.428014 0.835906
0 0.484375 0.568359 0.895833 0.839844 0.440927 0.284978 0.443456 0.258202 0.445895 0.267925 0.499116 0.227154 0.511399 0.247225 0.674387 0.281728 0.542077 0.299375 0.630188 0.45366 0.594749 0.429348 0.389616 0.434852 0.474271 0.390529 0.752972 0.599648 0.694139 0.591286 0.293258 0.648754 0.389409 0.637448 0.23225 0.908763 0.721809 0.88761
0 0.0729167 0.267578 0.145833 0.207031 0 0.211935 0 0.203439 0 0.202617 0 0.207858 0.00885304 0.207108 0.0375804 0.266542 0.0279332 0.264579 0.110576 0.34347 0.100354 0.34328 0.0562428 0.348895 0.0624866 0.345845 0.0568206 0.394462 0.0531275 0.39294 0.0726714 0.339947 0.0582686 0.340255 0.103101 0.367008 0.0960057 0.364088
0 0.583333 0.472656 0.802083 0.945312 0.554113 0.153033 0.563062 0.13115 0.560214 0.139913 0.647376 0.104201 0.647756 0.120014 0.771891 0.198698 0.751589 0.193149 0.703409 0.412752 0.701118 0.373514 0.439485 0.371696 0.446527 0.3847 0.793628 0.576222 0.777956 0.552061 0.410163 0.661894 0.397909 0.643625 0.432791 0.880416 0.462193 0.864778
0 0.307292 0.607422 0.25 0.636719 0.305866 0.346643 0.310649 0.334606 0.316655 0.336251 0.334536 0.334638 0.362281 0.333588 0.344286 0.380476 0.396773 0.3811 0.314364 0.429048 0.377955 0.439373 0.336465 0.459219 0.320844 0.470555 0.368219 0.560053 0.402388 0.557986 0.303287 0.634049 0.329509 0.632532 0.299278 0.811594 0.324689 0.800618
0 0.0729167 0.529297 0.145833 0.855469 0.00641938 0.238601 0.000803904 0.227204 0.00369807 0.227362 0.00557668 0.228535 0.0148504 0.229116 0.0428771 0.294875 0.0361646 0.291428 0.103477 0.398633 0.0921208 0.387143 0.0569124 0.486863 0.050077 0.463466 0.0515789 0.53381 0.0477305 0.533589 0.0951809 0.644345 0.085508 0.64567 0.0859982 0.83399 0.0785153 0.835589
0 0.359375 0.0253906 0.260417 0.0507812 0.365012 0 0.37214 0 0.357984 0 0.383881 0 0.337572 0 0.418868 0.00755985 0.288701 0.00943163 0.454414 0.0361484 0.254801 0.0405673 0.441129 0.0367122 0.2853 0.0403968 0.399041 0.0704421 0.307849 0.0720905 0.425194 0.0355887 0.306306 0.0376714 0.421174 0.0370897 0.307012 0.0383434
0 0.0729167 0.210938 0.145833 0.328125 0.000875801 0.202133 0 0.192816 0 0.191044 0 0.202149 0.0061897 0.200114 0.0315071 0.267975 0.0324863 0.264264 0.116248 0.351699 0.0979457 0.339337 0.053712 0.346259 0.0610844 0.336366 0.031051 0.388931 0.0337404 0.387079 0.0524728 0.294047 0.0479519 0.296377 0.0784141 0.34322 0.0777892 0.349662
0 0.260417 0.601562 0.333333 0.65625 0.307561 0.346766 0.310828 0.33345 0.317122 0.335825 0.335113 0.33112 0.361083 0.332643 0.347465 0.380665 0.388431 0.382923 0.305407 0.439743 0.361908 0.451617 0.299916 0.489107 0.292685 0.496369 0.352216 0.578147 0.377291 0.576644 0.289012 0.624499 0.306442 0.626052 0.260038 0.819334 0.28512 0.812456
0 0.372396 0.611328 0.369792 0.652344 0.305447 0.348365 0.31049 0.336302 0.314069 0.338251 0.340888 0.335816 0.361805 0.335193 0.367638 0.381334 0.416763 0.381494 0.373994 0.425852 0.431995 0.430071 0.376893 0.430279 0.354789 0.442122 0.406251 0.553675 0.438554 0.551237 0.315782 0.617202 0.34599 0.620044 0.321245 0.798329 0.354499 0.797769
0 0.109375 0.503906 0.21875 0.875 0 0.239974 0 0.224487 0 0.227059 0.00576605 0.224941 0.0128741 0.225532 0.0489039 0.295262 0.0551296 0.294396 0.103109 0.416501 0.120304 0.41023 0.0729086 0.528841 0.0537496 0.505633 0.0696142 0.542326 0.0778024 0.543878 0.125895 0.625445 0.129547 0.635914 0.118133 0.835738 0.11468 0.841255
0 0.0729167 0.367188 0.145833 0.570312 0.00156554 0.209711 0 0.199675 0 0.198365 0 0.207427 0.00386963 0.205306 0.0337963 0.276906 0.029722 0.274751 0.116288 0.362718 0.0994404 0.359006 0.0573742 0.353234 0.0642255 0.36752 0.0442197 0.499605 0.0385862 0.49937 0.0569219 0.585228 0.0556515 0.588196 0.0689728 0.658032 0.0539728 0.661825
0 0.359375 0.611328 0.520833 0.683594 0.304326 0.349567 0.308878 0.335839 0.309965 0.338 0.345287 0.334735 0.360722 0.334478 0.399333 0.38175 0.432813 0.380193 0.415007 0.435451 0.474487 0.428415 0.384685 0.441081 0.382577 0.435367 0.466576 0.573202 0.495507 0.569521 0.306408 0.615595 0.382583 0.621104 0.278704 0.835521 0.428014 0.835906
